% time     seconds  usecs/call     calls    errors syscall
------ ----------- ----------- --------- --------- ------------------
 86.97 1561.328546        4542    343706     59284 futex
  8.57  153.802293         177    868313           sched_yield
  1.41   25.257036     2104753        12           clock_nanosleep
  0.82   14.773038         171     85894           write
  0.59   10.542355         204     51557           madvise
  0.51    9.200138         193     47439           sendto
  0.42    7.488937      202403        37         7 restart_syscall
  0.25    4.557896         306     14866           epoll_wait
  0.13    2.369474         222     10672           clock_gettime
  0.07    1.231133         219      5617       120 recvfrom
  0.03    0.603566         187      3219           rt_sigprocmask
  0.03    0.579786         242      2395           sigaltstack
  0.03    0.541000         138      3904           getrusage
  0.02    0.282710         281      1003           mmap
  0.02    0.275710        1825       151           fdatasync
  0.01    0.267735         331       807           clone3
  0.01    0.260694         303       859           gettid
  0.01    0.239729         297       805           mprotect
  0.01    0.225388        2209       102           fsync
  0.01    0.221025         381       580           prctl
  0.01    0.203839         216       942         2 writev
  0.01    0.167402         207       806           sched_getaffinity
  0.01    0.138096         173       796           munmap
  0.01    0.130862         162       807           rseq
  0.01    0.102509         127       807           set_robust_list
  0.00    0.085659         417       205           read
  0.00    0.074509         261       285           openat
  0.00    0.062151         165       376           close
  0.00    0.054622         203       268        32 statx
  0.00    0.024801         354        70           rename
  0.00    0.024129         129       186           lseek
  0.00    0.020893         195       107       107 mkdir
  0.00    0.016035         205        78           fcntl
  0.00    0.012238         163        75           ftruncate
  0.00    0.007514         141        53           setpriority
  0.00    0.007369         230        32           unlink
  0.00    0.005009         192        26           epoll_ctl
  0.00    0.004778         183        26        13 accept4
  0.00    0.004421         340        13           shutdown
  0.00    0.004351         131        33           pwrite64
  0.00    0.001546          77        20           readlinkat
  0.00    0.001394         199         7           getrandom
  0.00    0.001190         396         3           setsockopt
  0.00    0.000666         166         4           msync
  0.00    0.000266          26        10           newfstatat
------ ----------- ----------- --------- --------- ------------------
100.00 1795.204438        1239   1447973     59565 total
